1	贱贱的转用广告位(banner)		0	2	1		
2	贱贱的转用广告位(插屏)		0	1	1		
3	贱贱的转用广告位(开屏)		0	0	1		
4	adview.banner		0	2	2		
5	adview.chapin		0	1	2		
6	adview.kaipin		0	0	2		
7	youku移动暂停		0	10	3		
8	youku移动全屏		0	11	3		
9	youku移动视频贴片		0	12	3		
10	youkuPC暂停		0	13	3		
11	mogoBanner		0	2	4		
12	mogo插屏		0	1	4		
13	mogo开屏		0	0	4		
14	mogo信息流		0	3	4		
15	爱奇艺暂停		0	20	5		
16	爱奇艺贴片		0	21	5		
17	爱奇艺角标		0	22	5		
18	爱奇艺overlay		0	23	5		
19	百度banner		0	2	6		
20	百度插屏		0	1	6		
21	百度开屏		0	0	6		
22	百度视频		0	12	6		
23	百度视频暂停		0	10	6		
24	乐视贴片		0	30	7		
25	乐视暂停		0	31	7		
26	百川banner		0	2	8		
27	百川插屏		0	1	8		
28	百川开屏		0	0	8		
29	百川贴片		0	12	8		
30	百川PC_FRS_1		0	71	8		
31	百川PC_FRS_2		0	72	8		
32	百川PC_PB		0	73	8		
33	百川APP_FRS		0	74	8		
34	百川APP_PB		0	75	8		
35	百川WAP_FRS		0	76	8		
36	百川WAP_PB		0	77	8		
37	测试插屏		0	1	9		
